100
TIP_6|2024-01-26   0.0000000 0.0029059 0.0031069 0.0031068 0.0030734 0.0030733 0.0031069 0.0031069 0.0030399 0.0033423 0.0032742 0.0033758 0.0034763 0.0035099 0.0037444 0.0037109 0.0031404 0.0032742 0.0032074 0.0032073 0.0032073 0.0035435 0.0032409 0.0032075 0.0032744 0.0032744 0.0032409 0.0032744 0.0032409 0.0033423 0.0035100 0.0032743 0.0033422 0.0033757 0.0037443 0.0037778 0.0037109 0.0037445 0.0034092 0.0034762 0.0036775 0.0033757 0.0033757 0.0035768 0.0033757 0.0035768 0.0034093 0.0034093 0.0034093 0.0062318 0.0062656 0.0060299 0.0062320 0.0063329 0.0062320 0.0060969 0.0061980 0.0069049 0.0069050 0.0068374 0.0068037 0.0068710 0.0062989 0.0059623 0.0062317 0.0061644 0.0062316 0.0063326 0.0065011 0.0064337 0.0065682 0.0061296 0.0062305 0.0062307 0.0060288 0.0060288 0.0060626 0.0062311 0.0061975 0.0066019 0.0065008 0.0063321 0.0063657 0.0064333 0.0063994 0.0065342 0.0063317 0.0060963 0.0065337 0.0069715 0.0069377 0.0064327 0.0063319 0.0063655 0.0064327 0.0063990 0.0065337 0.0065672 0.0070386 0.0066010 
TIP_82|2024-01-19  0.0029059 0.0000000 0.0002667 0.0002667 0.0005002 0.0005002 0.0005336 0.0005336 0.0006671 0.0009675 0.0009007 0.0010009 0.0011010 0.0011344 0.0013682 0.0013348 0.0014350 0.0015686 0.0015018 0.0015017 0.0015017 0.0018360 0.0015352 0.0015018 0.0015687 0.0015687 0.0015352 0.0015686 0.0015352 0.0016354 0.0018026 0.0015686 0.0016354 0.0016688 0.0020364 0.0020698 0.0020030 0.0020365 0.0017022 0.0017690 0.0019697 0.0016688 0.0016688 0.0018693 0.0016688 0.0018693 0.0017022 0.0017022 0.0017022 0.0062642 0.0062980 0.0060624 0.0062645 0.0063654 0.0062645 0.0061294 0.0062305 0.0069372 0.0069373 0.0068698 0.0068361 0.0069033 0.0062641 0.0059948 0.0062642 0.0061969 0.0062641 0.0063650 0.0065335 0.0064662 0.0066006 0.0060949 0.0062629 0.0062632 0.0060613 0.0060613 0.0060951 0.0062636 0.0062300 0.0066343 0.0065332 0.0063646 0.0063982 0.0064657 0.0064318 0.0064994 0.0063642 0.0061288 0.0065661 0.0070038 0.0069700 0.0064651 0.0063643 0.0063979 0.0064651 0.0064315 0.0065661 0.0065997 0.0070709 0.0066334 
TIP_2|2024-02-29   0.0031069 0.0002667 0.0000000 0.0003334 0.0007005 0.0007005 0.0007339 0.0007339 0.0008674 0.0011679 0.0011011 0.0012013 0.0013015 0.0013349 0.0015687 0.0015353 0.0016355 0.0017692 0.0017024 0.0017023 0.0017023 0.0020368 0.0017359 0.0017024 0.0017693 0.0017693 0.0017358 0.0017693 0.0017358 0.0018361 0.0020033 0.0017692 0.0018360 0.0018694 0.0022372 0.0022706 0.0022038 0.0022373 0.0019029 0.0019697 0.0021704 0.0018694 0.0018695 0.0020700 0.0018694 0.0020701 0.0019029 0.0019029 0.0019029 0.0064667 0.0065005 0.0062648 0.0064670 0.0065679 0.0064670 0.0063319 0.0064329 0.0071398 0.0071399 0.0070723 0.0070387 0.0071059 0.0064666 0.0061972 0.0064667 0.0063993 0.0064665 0.0065675 0.0067360 0.0066687 0.0068031 0.0062973 0.0064654 0.0064656 0.0062637 0.0062637 0.0062975 0.0064660 0.0064324 0.0068368 0.0067357 0.0065671 0.0066006 0.0066682 0.0066343 0.0067019 0.0065666 0.0063312 0.0067686 0.0072064 0.0071726 0.0066676 0.0065668 0.0066004 0.0066676 0.0066340 0.0067686 0.0068022 0.0072735 0.0068359 
TIP_13|2024-02-09  0.0031068 0.0002667 0.0003334 0.0000000 0.0007004 0.0007004 0.0007338 0.0007338 0.0008673 0.0011679 0.0011010 0.0012013 0.0013014 0.0013349 0.0015687 0.0015353 0.0016355 0.0017691 0.0017023 0.0017023 0.0017023 0.0020367 0.0017358 0.0017024 0.0017692 0.0017692 0.0017358 0.0017692 0.0017358 0.0018360 0.0020032 0.0017691 0.0018359 0.0018693 0.0022371 0.0022705 0.0022037 0.0022372 0.0019028 0.0019696 0.0021703 0.0018693 0.0018694 0.0020699 0.0018693 0.0020700 0.0019028 0.0019028 0.0019028 0.0064664 0.0065002 0.0062645 0.0064667 0.0065676 0.0064667 0.0063316 0.0064326 0.0071395 0.0071396 0.0070720 0.0070383 0.0071056 0.0064663 0.0061969 0.0064664 0.0063990 0.0064662 0.0065672 0.0067357 0.0066684 0.0068028 0.0062970 0.0064651 0.0064653 0.0062634 0.0062634 0.0062972 0.0064657 0.0064321 0.0068365 0.0067354 0.0065668 0.0066003 0.0066679 0.0066340 0.0067016 0.0065663 0.0063309 0.0067683 0.0072061 0.0071722 0.0066673 0.0065665 0.0066001 0.0066673 0.0066337 0.0067683 0.0068019 0.0072732 0.0068356 
TIP_35|2024-01-08  0.0030734 0.0005002 0.0007005 0.0007004 0.0000000 0.0004669 0.0005002 0.0005002 0.0008340 0.0011345 0.0010677 0.0011679 0.0012681 0.0013015 0.0015353 0.0015019 0.0016021 0.0017358 0.0016690 0.0016689 0.0016689 0.0020033 0.0017024 0.0016690 0.0017359 0.0017359 0.0017024 0.0017358 0.0017024 0.0018026 0.0019699 0.0017358 0.0018026 0.0018360 0.0022037 0.0022371 0.0021703 0.0022038 0.0018694 0.0019363 0.0021370 0.0018360 0.0018360 0.0020366 0.0018360 0.0020366 0.0018695 0.0018695 0.0018695 0.0064330 0.0064668 0.0062311 0.0064332 0.0065341 0.0064332 0.0062981 0.0063992 0.0071061 0.0071062 0.0070386 0.0070049 0.0070722 0.0064328 0.0061634 0.0064330 0.0063656 0.0064328 0.0065338 0.0067023 0.0066350 0.0067694 0.0062636 0.0064316 0.0064319 0.0062300 0.0062300 0.0062638 0.0064323 0.0063987 0.0068031 0.0067020 0.0065333 0.0065669 0.0066345 0.0066006 0.0066681 0.0065329 0.0062975 0.0067349 0.0071727 0.0071388 0.0066339 0.0065331 0.0065666 0.0066339 0.0066002 0.0067349 0.0067684 0.0072398 0.0068022 
TIP_5|2024-01-02   0.0030733 0.0005002 0.0007005 0.0007004 0.0004669 0.0000000 0.0002324 0.0002324 0.0008339 0.0011345 0.0010677 0.0011679 0.0012680 0.0013015 0.0015353 0.0015018 0.0016021 0.0017357 0.0016689 0.0016688 0.0016688 0.0020032 0.0017024 0.0016690 0.0017358 0.0017358 0.0017024 0.0017358 0.0017024 0.0018026 0.0019698 0.0017357 0.0018025 0.0018359 0.0022036 0.0022371 0.0021702 0.0022037 0.0018693 0.0019362 0.0021369 0.0018359 0.0018360 0.0020365 0.0018359 0.0020365 0.0018694 0.0018694 0.0018694 0.0064328 0.0064666 0.0062309 0.0064330 0.0065339 0.0064330 0.0062979 0.0063990 0.0071058 0.0071059 0.0070384 0.0070047 0.0070719 0.0064326 0.0061632 0.0064327 0.0063653 0.0064326 0.0065336 0.0067021 0.0066347 0.0067692 0.0062634 0.0064314 0.0064316 0.0062297 0.0062297 0.0062636 0.0064321 0.0063985 0.0068029 0.0067018 0.0065331 0.0065667 0.0066342 0.0066004 0.0066679 0.0065327 0.0062973 0.0067346 0.0071724 0.0071386 0.0066337 0.0065328 0.0065664 0.0066337 0.0066000 0.0067346 0.0067682 0.0072395 0.0068019 
TIP_73|2024-02-06  0.0031069 0.0005336 0.0007339 0.0007338 0.0005002 0.0002324 0.0000000 0.0000010 0.0008674 0.0011679 0.0011011 0.0012013 0.0013015 0.0013349 0.0015687 0.0015353 0.0016355 0.0017692 0.0017024 0.0017023 0.0017023 0.0020368 0.0017359 0.0017024 0.0017693 0.0017693 0.0017358 0.0017693 0.0017358 0.0018361 0.0020033 0.0017692 0.0018360 0.0018694 0.0022372 0.0022706 0.0022038 0.0022373 0.0019029 0.0019697 0.0021704 0.0018694 0.0018695 0.0020700 0.0018694 0.0020701 0.0019029 0.0019029 0.0019029 0.0064667 0.0065005 0.0062648 0.0064670 0.0065679 0.0064670 0.0063319 0.0064329 0.0071398 0.0071399 0.0070723 0.0070387 0.0071059 0.0064666 0.0061972 0.0064667 0.0063993 0.0064665 0.0065675 0.0067360 0.0066687 0.0068031 0.0062973 0.0064654 0.0064656 0.0062637 0.0062637 0.0062975 0.0064660 0.0064324 0.0068368 0.0067357 0.0065671 0.0066006 0.0066682 0.0066343 0.0067019 0.0065666 0.0063312 0.0067686 0.0072064 0.0071726 0.0066676 0.0065668 0.0066004 0.0066676 0.0066340 0.0067686 0.0068022 0.0072735 0.0068359 
TIP_97|2024-02-23  0.0031069 0.0005336 0.0007339 0.0007338 0.0005002 0.0002324 0.0000010 0.0000000 0.0008674 0.0011679 0.0011011 0.0012013 0.0013015 0.0013349 0.0015687 0.0015353 0.0016355 0.0017692 0.0017024 0.0017023 0.0017023 0.0020368 0.0017359 0.0017024 0.0017693 0.0017693 0.0017358 0.0017693 0.0017358 0.0018361 0.0020033 0.0017692 0.0018360 0.0018694 0.0022372 0.0022706 0.0022038 0.0022373 0.0019029 0.0019697 0.0021704 0.0018694 0.0018695 0.0020700 0.0018694 0.0020701 0.0019029 0.0019029 0.0019029 0.0064667 0.0065005 0.0062648 0.0064670 0.0065679 0.0064670 0.0063319 0.0064329 0.0071398 0.0071399 0.0070723 0.0070387 0.0071059 0.0064666 0.0061972 0.0064667 0.0063993 0.0064665 0.0065675 0.0067360 0.0066687 0.0068031 0.0062973 0.0064654 0.0064656 0.0062637 0.0062637 0.0062975 0.0064660 0.0064324 0.0068368 0.0067357 0.0065671 0.0066006 0.0066682 0.0066343 0.0067019 0.0065666 0.0063312 0.0067686 0.0072064 0.0071726 0.0066676 0.0065668 0.0066004 0.0066676 0.0066340 0.0067686 0.0068022 0.0072735 0.0068359 
TIP_64|2024-01-31  0.0030399 0.0006671 0.0008674 0.0008673 0.0008340 0.0008339 0.0008674 0.0008674 0.0000000 0.0004335 0.0003668 0.0004669 0.0005669 0.0006003 0.0008339 0.0008005 0.0015687 0.0017023 0.0016355 0.0016355 0.0016355 0.0019698 0.0016690 0.0016356 0.0017024 0.0017024 0.0016690 0.0017024 0.0016690 0.0017692 0.0019364 0.0017023 0.0017691 0.0018025 0.0021702 0.0022037 0.0021368 0.0021703 0.0018360 0.0019028 0.0021035 0.0018025 0.0018026 0.0020031 0.0018025 0.0020031 0.0018360 0.0018360 0.0018360 0.0063993 0.0064331 0.0061974 0.0063995 0.0065004 0.0063995 0.0062644 0.0063655 0.0070723 0.0070724 0.0070049 0.0069712 0.0070384 0.0063991 0.0061297 0.0063992 0.0063318 0.0063991 0.0065001 0.0066686 0.0066012 0.0067357 0.0062299 0.0063979 0.0063981 0.0061962 0.0061962 0.0062301 0.0063986 0.0063650 0.0067694 0.0066683 0.0064996 0.0065332 0.0066007 0.0065669 0.0066344 0.0064992 0.0062638 0.0067011 0.0071389 0.0071051 0.0066002 0.0064993 0.0065329 0.0066002 0.0065665 0.0067011 0.0067347 0.0072060 0.0067684 
TIP_61|2024-03-20  0.0033423 0.0009675 0.0011679 0.0011679 0.0011345 0.0011345 0.0011679 0.0011679 0.0004335 0.0000000 0.0001992 0.0005002 0.0006003 0.0006337 0.0008672 0.0008339 0.0018695 0.0020032 0.0019364 0.0019363 0.0019363 0.0022709 0.0019699 0.0019365 0.0020034 0.0020034 0.0019699 0.0020033 0.0019699 0.0020701 0.0022374 0.0020033 0.0020701 0.0021035 0.0024713 0.0025048 0.0024379 0.0024714 0.0021369 0.0022038 0.0024046 0.0021035 0.0021035 0.0023042 0.0021035 0.0023042 0.0021370 0.0021370 0.0021370 0.0067025 0.0067363 0.0065006 0.0067028 0.0068037 0.0067028 0.0065676 0.0066687 0.0073757 0.0073758 0.0073082 0.0072745 0.0073417 0.0067024 0.0064329 0.0067025 0.0066351 0.0067023 0.0068033 0.0069719 0.0069046 0.0070390 0.0065330 0.0067011 0.0067014 0.0064994 0.0064994 0.0065333 0.0067018 0.0066682 0.0070727 0.0069716 0.0068029 0.0068365 0.0069040 0.0068701 0.0069377 0.0068024 0.0065670 0.0070044 0.0074432 0.0074084 0.0069034 0.0068026 0.0068362 0.0069034 0.0068698 0.0070044 0.0070380 0.0075104 0.0070717 
TIP_72|2024-02-22  0.0032742 0.0009007 0.0011011 0.0011010 0.0010677 0.0010677 0.0011011 0.0011011 0.0003668 0.0001992 0.0000000 0.0004335 0.0005336 0.0005669 0.0008005 0.0007671 0.0018026 0.0019363 0.0018695 0.0018694 0.0018694 0.0022039 0.0019030 0.0018696 0.0019364 0.0019364 0.0019030 0.0019364 0.0019030 0.0020032 0.0021705 0.0019363 0.0020031 0.0020366 0.0024044 0.0024378 0.0023710 0.0024045 0.0020700 0.0021369 0.0023376 0.0020366 0.0020366 0.0022372 0.0020366 0.0022372 0.0020701 0.0020700 0.0020700 0.0066350 0.0066688 0.0064331 0.0066353 0.0067362 0.0066353 0.0065001 0.0066012 0.0073081 0.0073082 0.0072407 0.0072070 0.0072742 0.0066349 0.0063654 0.0066350 0.0065676 0.0066348 0.0067358 0.0069044 0.0068370 0.0069715 0.0064655 0.0066336 0.0066339 0.0064319 0.0064319 0.0064658 0.0066343 0.0066007 0.0070052 0.0069041 0.0067354 0.0067690 0.0068365 0.0068026 0.0068702 0.0067349 0.0064995 0.0069369 0.0073747 0.0073409 0.0068359 0.0067351 0.0067687 0.0068359 0.0068023 0.0069369 0.0069705 0.0074428 0.0070042 
TIP_8|2024-06-24   0.0033758 0.0010009 0.0012013 0.0012013 0.0011679 0.0011679 0.0012013 0.0012013 0.0004669 0.0005002 0.0004335 0.0000000 0.0002324 0.0002667 0.0005002 0.0004668 0.0019030 0.0020367 0.0019699 0.0019698 0.0019698 0.0023044 0.0020034 0.0019699 0.0020368 0.0020368 0.0020033 0.0020368 0.0020033 0.0021036 0.0022709 0.0020367 0.0021035 0.0021370 0.0025048 0.0025382 0.0024714 0.0025049 0.0021704 0.0022373 0.0024381 0.0021370 0.0021370 0.0023376 0.0021370 0.0023377 0.0021704 0.0021704 0.0021704 0.0067363 0.0067701 0.0065343 0.0067366 0.0068375 0.0067366 0.0066014 0.0067025 0.0074094 0.0074095 0.0073419 0.0073083 0.0073755 0.0067361 0.0064666 0.0067363 0.0066688 0.0067361 0.0068371 0.0070057 0.0069383 0.0070728 0.0065331 0.0067349 0.0067351 0.0065331 0.0065331 0.0065670 0.0067356 0.0067020 0.0071065 0.0070053 0.0068366 0.0068702 0.0069378 0.0069039 0.0069715 0.0068362 0.0066007 0.0070382 0.0074770 0.0074431 0.0069372 0.0068364 0.0068699 0.0069372 0.0069035 0.0070382 0.0070718 0.0075442 0.0071055 
TIP_42|2024-05-13  0.0034763 0.0011010 0.0013015 0.0013014 0.0012681 0.0012680 0.0013015 0.0013015 0.0005669 0.0006003 0.0005336 0.0002324 0.0000000 0.0000331 0.0002667 0.0002324 0.0020032 0.0021370 0.0020701 0.0020701 0.0020701 0.0024046 0.0021036 0.0020702 0.0021371 0.0021371 0.0021036 0.0021370 0.0021036 0.0022039 0.0023712 0.0021370 0.0022038 0.0022372 0.0026051 0.0026385 0.0025717 0.0026052 0.0022707 0.0023375 0.0025384 0.0022372 0.0022373 0.0024379 0.0022372 0.0024379 0.0022707 0.0022707 0.0022707 0.0068372 0.0068710 0.0066352 0.0068374 0.0069384 0.0068374 0.0067022 0.0068033 0.0075114 0.0075115 0.0074438 0.0074091 0.0074774 0.0068370 0.0065675 0.0068371 0.0067697 0.0068370 0.0069380 0.0071065 0.0070392 0.0071736 0.0066339 0.0068357 0.0068360 0.0066340 0.0066340 0.0066679 0.0068364 0.0068028 0.0072073 0.0071062 0.0069375 0.0069711 0.0070387 0.0070048 0.0070723 0.0069370 0.0067015 0.0071390 0.0075780 0.0075441 0.0070380 0.0069372 0.0069708 0.0070380 0.0070044 0.0071390 0.0071726 0.0076452 0.0072063 
TIP_50|2024-06-29  0.0035099 0.0011344 0.0013349 0.0013349 0.0013015 0.0013015 0.0013349 0.0013349 0.0006003 0.0006337 0.0005669 0.0002667 0.0000331 0.0000000 0.0002324 0.0001992 0.0020367 0.0021704 0.0021036 0.0021035 0.0021035 0.0024381 0.0021371 0.0021037 0.0021706 0.0021706 0.0021371 0.0021705 0.0021371 0.0022373 0.0024047 0.0021704 0.0022373 0.0022707 0.0026386 0.0026720 0.0026052 0.0026387 0.0023041 0.0023710 0.0025719 0.0022707 0.0022707 0.0024714 0.0022707 0.0024714 0.0023042 0.0023042 0.0023042 0.0068709 0.0069047 0.0066690 0.0068712 0.0069721 0.0068712 0.0067360 0.0068371 0.0075452 0.0075453 0.0074776 0.0074439 0.0075112 0.0068708 0.0066012 0.0068709 0.0068035 0.0068707 0.0069717 0.0071403 0.0070730 0.0072074 0.0066677 0.0068695 0.0068697 0.0066677 0.0066677 0.0067016 0.0068702 0.0068366 0.0072411 0.0071400 0.0069712 0.0070048 0.0070724 0.0070385 0.0071061 0.0069708 0.0067353 0.0071728 0.0076119 0.0075780 0.0070718 0.0069710 0.0070045 0.0070718 0.0070381 0.0071728 0.0072064 0.0076791 0.0072401 
TIP_16|2024-07-26  0.0037444 0.0013682 0.0015687 0.0015687 0.0015353 0.0015353 0.0015687 0.0015687 0.0008339 0.0008672 0.0008005 0.0005002 0.0002667 0.0002324 0.0000000 0.0000996 0.0022707 0.0024044 0.0023376 0.0023375 0.0023375 0.0026722 0.0023711 0.0023377 0.0024046 0.0024046 0.0023711 0.0024045 0.0023711 0.0024714 0.0026387 0.0024045 0.0024713 0.0025047 0.0028727 0.0029061 0.0028393 0.0028728 0.0025382 0.0026051 0.0028060 0.0025047 0.0025048 0.0027055 0.0025047 0.0027055 0.0025382 0.0025382 0.0025382 0.0071064 0.0071402 0.0069044 0.0071067 0.0072076 0.0071067 0.0069714 0.0070725 0.0077811 0.0077812 0.0077134 0.0076797 0.0077470 0.0071062 0.0068367 0.0071063 0.0070389 0.0071062 0.0072072 0.0073757 0.0073084 0.0074438 0.0069031 0.0071049 0.0071051 0.0069031 0.0069031 0.0069370 0.0071056 0.0070720 0.0074775 0.0073754 0.0072067 0.0072402 0.0073078 0.0072739 0.0073415 0.0072062 0.0069707 0.0074082 0.0078477 0.0078138 0.0073072 0.0072064 0.0072400 0.0073072 0.0072735 0.0074081 0.0074427 0.0079149 0.0074765 
TIP_65|2024-07-16  0.0037109 0.0013348 0.0015353 0.0015353 0.0015019 0.0015018 0.0015353 0.0015353 0.0008005 0.0008339 0.0007671 0.0004668 0.0002324 0.0001992 0.0000996 0.0000000 0.0022372 0.0023710 0.0023042 0.0023041 0.0023041 0.0026388 0.0023377 0.0023042 0.0023711 0.0023711 0.0023376 0.0023711 0.0023376 0.0024379 0.0026053 0.0023710 0.0024378 0.0024713 0.0028392 0.0028727 0.0028058 0.0028393 0.0025047 0.0025716 0.0027725 0.0024713 0.0024713 0.0026720 0.0024713 0.0026720 0.0025048 0.0025048 0.0025048 0.0070727 0.0071065 0.0068707 0.0070730 0.0071739 0.0070730 0.0069378 0.0070389 0.0077473 0.0077474 0.0076797 0.0076459 0.0077133 0.0070725 0.0068030 0.0070727 0.0070052 0.0070725 0.0071735 0.0073420 0.0072747 0.0074091 0.0068694 0.0070712 0.0070715 0.0068695 0.0068695 0.0069034 0.0070719 0.0070383 0.0074438 0.0073417 0.0071730 0.0072066 0.0072742 0.0072402 0.0073078 0.0071725 0.0069370 0.0073745 0.0078140 0.0077801 0.0072735 0.0071727 0.0072063 0.0072735 0.0072399 0.0073745 0.0074080 0.0078812 0.0074428 
TIP_14|2024-01-23  0.0031404 0.0014350 0.0016355 0.0016355 0.0016021 0.0016021 0.0016355 0.0016355 0.0015687 0.0018695 0.0018026 0.0019030 0.0020032 0.0020367 0.0022707 0.0022372 0.0000000 0.0001328 0.0000664 0.0000664 0.0000664 0.0004002 0.0000996 0.0000664 0.0001328 0.0001328 0.0000996 0.0001328 0.0000996 0.0001992 0.0003669 0.0001328 0.0001992 0.0002324 0.0006004 0.0006337 0.0005670 0.0006004 0.0002668 0.0003335 0.0005337 0.0002324 0.0002324 0.0004335 0.0002324 0.0004336 0.0002668 0.0002668 0.0002668 0.0064332 0.0064670 0.0062314 0.0064335 0.0065344 0.0064335 0.0062984 0.0063994 0.0071064 0.0071064 0.0070389 0.0070052 0.0070724 0.0065003 0.0061637 0.0064332 0.0063658 0.0064330 0.0065340 0.0067026 0.0066352 0.0067697 0.0063310 0.0064319 0.0064321 0.0062302 0.0062302 0.0062641 0.0064325 0.0063990 0.0068034 0.0067022 0.0065336 0.0065672 0.0066347 0.0066008 0.0066684 0.0065332 0.0062977 0.0067351 0.0071730 0.0071391 0.0066341 0.0065333 0.0065669 0.0066341 0.0066005 0.0067351 0.0067687 0.0072400 0.0068024 
TIP_55|2024-03-16  0.0032742 0.0015686 0.0017692 0.0017691 0.0017358 0.0017357 0.0017692 0.0017692 0.0017023 0.0020032 0.0019363 0.0020367 0.0021370 0.0021704 0.0024044 0.0023710 0.0001328 0.0000000 0.0001992 0.0001992 0.0001992 0.0005337 0.0002324 0.0001992 0.0002668 0.0002668 0.0002324 0.0002668 0.0002324 0.0003335 0.0005003 0.0002668 0.0003335 0.0003668 0.0007338 0.0007672 0.0007005 0.0007339 0.0004002 0.0004669 0.0006671 0.0003668 0.0003668 0.0005670 0.0003668 0.0005670 0.0004002 0.0004002 0.0004002 0.0065678 0.0066016 0.0063659 0.0065681 0.0066690 0.0065681 0.0064329 0.0065340 0.0072409 0.0072410 0.0071735 0.0071398 0.0072070 0.0066349 0.0062982 0.0065678 0.0065004 0.0065676 0.0066686 0.0068372 0.0067698 0.0069043 0.0064656 0.0065664 0.0065667 0.0063647 0.0063647 0.0063986 0.0065671 0.0065335 0.0069380 0.0068368 0.0066681 0.0067017 0.0067693 0.0067354 0.0068030 0.0066677 0.0064323 0.0068697 0.0073075 0.0072737 0.0067687 0.0066679 0.0067015 0.0067687 0.0067351 0.0068697 0.0069033 0.0073746 0.0069370 
TIP_68|2024-03-23  0.0032074 0.0015018 0.0017024 0.0017023 0.0016690 0.0016689 0.0017024 0.0017024 0.0016355 0.0019364 0.0018695 0.0019699 0.0020701 0.0021036 0.0023376 0.0023042 0.0000664 0.0001992 0.0000000 0.0000664 0.0000664 0.0004669 0.0001660 0.0001328 0.0001992 0.0001992 0.0001660 0.0001992 0.0001660 0.0002668 0.0004336 0.0001992 0.0002668 0.0003001 0.0006671 0.0007005 0.0006337 0.0006671 0.0003335 0.0004002 0.0006004 0.0003001 0.0003001 0.0005003 0.0003001 0.0005003 0.0003335 0.0003335 0.0003335 0.0065006 0.0065344 0.0062987 0.0065009 0.0066018 0.0065009 0.0063658 0.0064668 0.0071738 0.0071739 0.0071063 0.0070726 0.0071399 0.0065677 0.0062311 0.0065006 0.0064332 0.0065004 0.0066014 0.0067700 0.0067026 0.0068371 0.0063984 0.0064993 0.0064995 0.0062976 0.0062976 0.0063314 0.0064999 0.0064663 0.0068708 0.0067697 0.0066010 0.0066346 0.0067021 0.0066682 0.0067358 0.0066006 0.0063651 0.0068025 0.0072404 0.0072065 0.0067015 0.0066007 0.0066343 0.0067015 0.0066679 0.0068025 0.0068361 0.0073074 0.0068698 
TIP_78|2024-03-13  0.0032073 0.0015017 0.0017023 0.0017023 0.0016689 0.0016688 0.0017023 0.0017023 0.0016355 0.0019363 0.0018694 0.0019698 0.0020701 0.0021035 0.0023375 0.0023041 0.0000664 0.0001992 0.0000664 0.0000000 0.0000010 0.0004669 0.0001660 0.0001328 0.0001992 0.0001992 0.0001660 0.0001992 0.0001660 0.0002668 0.0004336 0.0001992 0.0002668 0.0003001 0.0006671 0.0007004 0.0006337 0.0006671 0.0003335 0.0004002 0.0006004 0.0003001 0.0003001 0.0005003 0.0003001 0.0005003 0.0003335 0.0003335 0.0003335 0.0065004 0.0065342 0.0062985 0.0065007 0.0066016 0.0065007 0.0063655 0.0064666 0.0071735 0.0071736 0.0071060 0.0070723 0.0071396 0.0065675 0.0062308 0.0065004 0.0064330 0.0065002 0.0066012 0.0067697 0.0067024 0.0068368 0.0063982 0.0064990 0.0064993 0.0062973 0.0062973 0.0063312 0.0064997 0.0064661 0.0068705 0.0067694 0.0066007 0.0066343 0.0067019 0.0066680 0.0067356 0.0066003 0.0063649 0.0068023 0.0072401 0.0072063 0.0067013 0.0066005 0.0066341 0.0067013 0.0066676 0.0068023 0.0068359 0.0073072 0.0068696 
TIP_94|2024-03-07  0.0032073 0.0015017 0.0017023 0.0017023 0.0016689 0.0016688 0.0017023 0.0017023 0.0016355 0.0019363 0.0018694 0.0019698 0.0020701 0.0021035 0.0023375 0.0023041 0.0000664 0.0001992 0.0000664 0.0000010 0.0000000 0.0004669 0.0001660 0.0001328 0.0001992 0.0001992 0.0001660 0.0001992 0.0001660 0.0002668 0.0004336 0.0001992 0.0002668 0.0003001 0.0006671 0.0007004 0.0006337 0.0006671 0.0003335 0.0004002 0.0006004 0.0003001 0.0003001 0.0005003 0.0003001 0.0005003 0.0003335 0.0003335 0.0003335 0.0065004 0.0065342 0.0062985 0.0065007 0.0066016 0.0065007 0.0063655 0.0064666 0.0071735 0.0071736 0.0071060 0.0070723 0.0071396 0.0065675 0.0062308 0.0065004 0.0064330 0.0065002 0.0066012 0.0067697 0.0067024 0.0068368 0.0063982 0.0064990 0.0064993 0.0062973 0.0062973 0.0063312 0.0064997 0.0064661 0.0068705 0.0067694 0.0066007 0.0066343 0.0067019 0.0066680 0.0067356 0.0066003 0.0063649 0.0068023 0.0072401 0.0072063 0.0067013 0.0066005 0.0066341 0.0067013 0.0066676 0.0068023 0.0068359 0.0073072 0.0068696 
TIP_96|2024-05-19  0.0035435 0.0018360 0.0020368 0.0020367 0.0020033 0.0020032 0.0020368 0.0020368 0.0019698 0.0022709 0.0022039 0.0023044 0.0024046 0.0024381 0.0026722 0.0026388 0.0004002 0.0005337 0.0004669 0.0004669 0.0004669 0.0000000 0.0003668 0.0003335 0.0004002 0.0004002 0.0003668 0.0004002 0.0003668 0.0004669 0.0006338 0.0005337 0.0006004 0.0006338 0.0010009 0.0010343 0.0009676 0.0010010 0.0006671 0.0007339 0.0009342 0.0006338 0.0006338 0.0008340 0.0006338 0.0008340 0.0006672 0.0006672 0.0006672 0.0068376 0.0068714 0.0066357 0.0068379 0.0069388 0.0068379 0.0067027 0.0068038 0.0075119 0.0075120 0.0074443 0.0074096 0.0074779 0.0069047 0.0065679 0.0068376 0.0067702 0.0068374 0.0069384 0.0071070 0.0070397 0.0071741 0.0067353 0.0068362 0.0068364 0.0066344 0.0066344 0.0066683 0.0068369 0.0068033 0.0072078 0.0071067 0.0069380 0.0069715 0.0070391 0.0070052 0.0070728 0.0069375 0.0067020 0.0071395 0.0075786 0.0075447 0.0070385 0.0069377 0.0069713 0.0070385 0.0070049 0.0071395 0.0071731 0.0076458 0.0072068 
TIP_3|2024-03-30   0.0032409 0.0015352 0.0017359 0.0017358 0.0017024 0.0017024 0.0017359 0.0017359 0.0016690 0.0019699 0.0019030 0.0020034 0.0021036 0.0021371 0.0023711 0.0023377 0.0000996 0.0002324 0.0001660 0.0001660 0.0001660 0.0003668 0.0000000 0.0000332 0.0000996 0.0000996 0.0000664 0.0000996 0.0000664 0.0001660 0.0003335 0.0002324 0.0003001 0.0003335 0.0007005 0.0007339 0.0006671 0.0007005 0.0003668 0.0004336 0.0006338 0.0003335 0.0003335 0.0005337 0.0003335 0.0005337 0.0003669 0.0003668 0.0003668 0.0065345 0.0065683 0.0063326 0.0065348 0.0066357 0.0065348 0.0063996 0.0065007 0.0072077 0.0072078 0.0071402 0.0071065 0.0071738 0.0066016 0.0062649 0.0065345 0.0064671 0.0065343 0.0066353 0.0068039 0.0067365 0.0068710 0.0064323 0.0065331 0.0065334 0.0063314 0.0063314 0.0063653 0.0065338 0.0065002 0.0069047 0.0068035 0.0066349 0.0066684 0.0067360 0.0067021 0.0067697 0.0066344 0.0063990 0.0068364 0.0072743 0.0072404 0.0067354 0.0066346 0.0066682 0.0067354 0.0067018 0.0068364 0.0068700 0.0073413 0.0069037 
TIP_34|2024-03-21  0.0032075 0.0015018 0.0017024 0.0017024 0.0016690 0.0016690 0.0017024 0.0017024 0.0016356 0.0019365 0.0018696 0.0019699 0.0020702 0.0021037 0.0023377 0.0023042 0.0000664 0.0001992 0.0001328 0.0001328 0.0001328 0.0003335 0.0000332 0.0000000 0.0000664 0.0000664 0.0000332 0.0000664 0.0000332 0.0001328 0.0003001 0.0001992 0.0002668 0.0003001 0.0006671 0.0007005 0.0006338 0.0006672 0.0003335 0.0004002 0.0006004 0.0003001 0.0003001 0.0005003 0.0003001 0.0005003 0.0003335 0.0003335 0.0003335 0.0065008 0.0065347 0.0062989 0.0065011 0.0066020 0.0065011 0.0063660 0.0064670 0.0071740 0.0071741 0.0071065 0.0070728 0.0071401 0.0065680 0.0062313 0.0065008 0.0064334 0.0065007 0.0066017 0.0067702 0.0067029 0.0068373 0.0063986 0.0064995 0.0064997 0.0062978 0.0062978 0.0063316 0.0065002 0.0064666 0.0068710 0.0067699 0.0066012 0.0066348 0.0067024 0.0066685 0.0067360 0.0066008 0.0063653 0.0068028 0.0072406 0.0072068 0.0067018 0.0066009 0.0066345 0.0067018 0.0066681 0.0068027 0.0068363 0.0073077 0.0068701 
TIP_62|2024-05-05  0.0032744 0.0015687 0.0017693 0.0017692 0.0017359 0.0017358 0.0017693 0.0017693 0.0017024 0.0020034 0.0019364 0.0020368 0.0021371 0.0021706 0.0024046 0.0023711 0.0001328 0.0002668 0.0001992 0.0001992 0.0001992 0.0004002 0.0000996 0.0000664 0.0000000 0.0000010 0.0000996 0.0001328 0.0000996 0.0001992 0.0003668 0.0002668 0.0003335 0.0003668 0.0007339 0.0007673 0.0007005 0.0007339 0.0004002 0.0004669 0.0006672 0.0003668 0.0003669 0.0005670 0.0003668 0.0005670 0.0004002 0.0004002 0.0004002 0.0065682 0.0066020 0.0063663 0.0065685 0.0066694 0.0065685 0.0064334 0.0065344 0.0072414 0.0072415 0.0071739 0.0071402 0.0072075 0.0066354 0.0062986 0.0065682 0.0065008 0.0065680 0.0066690 0.0068376 0.0067703 0.0069047 0.0064660 0.0065669 0.0065671 0.0063651 0.0063651 0.0063990 0.0065675 0.0065339 0.0069384 0.0068373 0.0066686 0.0067022 0.0067698 0.0067359 0.0068034 0.0066682 0.0064327 0.0068702 0.0073080 0.0072742 0.0067692 0.0066683 0.0067019 0.0067692 0.0067355 0.0068701 0.0069037 0.0073751 0.0069375 
TIP_43|2024-05-03  0.0032744 0.0015687 0.0017693 0.0017692 0.0017359 0.0017358 0.0017693 0.0017693 0.0017024 0.0020034 0.0019364 0.0020368 0.0021371 0.0021706 0.0024046 0.0023711 0.0001328 0.0002668 0.0001992 0.0001992 0.0001992 0.0004002 0.0000996 0.0000664 0.0000010 0.0000000 0.0000996 0.0001328 0.0000996 0.0001992 0.0003668 0.0002668 0.0003335 0.0003668 0.0007339 0.0007673 0.0007005 0.0007339 0.0004002 0.0004669 0.0006672 0.0003668 0.0003669 0.0005670 0.0003668 0.0005670 0.0004002 0.0004002 0.0004002 0.0065682 0.0066020 0.0063663 0.0065685 0.0066694 0.0065685 0.0064334 0.0065344 0.0072414 0.0072415 0.0071739 0.0071402 0.0072075 0.0066354 0.0062986 0.0065682 0.0065008 0.0065680 0.0066690 0.0068376 0.0067703 0.0069047 0.0064660 0.0065669 0.0065671 0.0063651 0.0063651 0.0063990 0.0065675 0.0065339 0.0069384 0.0068373 0.0066686 0.0067022 0.0067698 0.0067359 0.0068034 0.0066682 0.0064327 0.0068702 0.0073080 0.0072742 0.0067692 0.0066683 0.0067019 0.0067692 0.0067355 0.0068701 0.0069037 0.0073751 0.0069375 
TIP_85|2024-03-24  0.0032409 0.0015352 0.0017358 0.0017358 0.0017024 0.0017024 0.0017358 0.0017358 0.0016690 0.0019699 0.0019030 0.0020033 0.0021036 0.0021371 0.0023711 0.0023376 0.0000996 0.0002324 0.0001660 0.0001660 0.0001660 0.0003668 0.0000664 0.0000332 0.0000996 0.0000996 0.0000000 0.0000332 0.0000010 0.0000996 0.0002668 0.0002324 0.0003001 0.0003335 0.0007005 0.0007339 0.0006671 0.0007005 0.0003668 0.0004336 0.0006338 0.0003335 0.0003335 0.0005337 0.0003335 0.0005337 0.0003668 0.0003668 0.0003668 0.0065344 0.0065682 0.0063325 0.0065347 0.0066356 0.0065347 0.0063996 0.0065006 0.0072076 0.0072077 0.0071401 0.0071064 0.0071737 0.0066015 0.0062648 0.0065344 0.0064670 0.0065342 0.0066352 0.0068038 0.0067365 0.0068709 0.0064322 0.0065331 0.0065333 0.0063313 0.0063313 0.0063652 0.0065337 0.0065001 0.0069046 0.0068035 0.0066348 0.0066684 0.0067359 0.0067020 0.0067696 0.0066344 0.0063989 0.0068363 0.0072742 0.0072403 0.0067353 0.0066345 0.0066681 0.0067353 0.0067017 0.0068363 0.0068699 0.0073413 0.0069037 
TIP_69|2024-03-17  0.0032744 0.0015686 0.0017693 0.0017692 0.0017358 0.0017358 0.0017693 0.0017693 0.0017024 0.0020033 0.0019364 0.0020368 0.0021370 0.0021705 0.0024045 0.0023711 0.0001328 0.0002668 0.0001992 0.0001992 0.0001992 0.0004002 0.0000996 0.0000664 0.0001328 0.0001328 0.0000332 0.0000000 0.0000332 0.0001328 0.0003001 0.0002668 0.0003335 0.0003668 0.0007339 0.0007672 0.0007005 0.0007339 0.0004002 0.0004669 0.0006672 0.0003668 0.0003668 0.0005670 0.0003668 0.0005670 0.0004002 0.0004002 0.0004002 0.0065681 0.0066019 0.0063662 0.0065683 0.0066693 0.0065683 0.0064332 0.0065343 0.0072413 0.0072413 0.0071738 0.0071401 0.0072073 0.0066352 0.0062985 0.0065681 0.0065007 0.0065679 0.0066689 0.0068375 0.0067701 0.0069045 0.0064659 0.0065667 0.0065669 0.0063650 0.0063650 0.0063989 0.0065674 0.0065338 0.0069383 0.0068371 0.0066684 0.0067020 0.0067696 0.0067357 0.0068033 0.0066680 0.0064325 0.0068700 0.0073078 0.0072740 0.0067690 0.0066682 0.0067018 0.0067690 0.0067353 0.0068700 0.0069036 0.0073749 0.0069373 
TIP_21|2024-04-01  0.0032409 0.0015352 0.0017358 0.0017358 0.0017024 0.0017024 0.0017358 0.0017358 0.0016690 0.0019699 0.0019030 0.0020033 0.0021036 0.0021371 0.0023711 0.0023376 0.0000996 0.0002324 0.0001660 0.0001660 0.0001660 0.0003668 0.0000664 0.0000332 0.0000996 0.0000996 0.0000010 0.0000332 0.0000000 0.0000996 0.0002668 0.0002324 0.0003001 0.0003335 0.0007005 0.0007339 0.0006671 0.0007005 0.0003668 0.0004336 0.0006338 0.0003335 0.0003335 0.0005337 0.0003335 0.0005337 0.0003668 0.0003668 0.0003668 0.0065344 0.0065682 0.0063325 0.0065347 0.0066356 0.0065347 0.0063996 0.0065006 0.0072076 0.0072077 0.0071401 0.0071064 0.0071737 0.0066015 0.0062648 0.0065344 0.0064670 0.0065342 0.0066352 0.0068038 0.0067365 0.0068709 0.0064322 0.0065331 0.0065333 0.0063313 0.0063313 0.0063652 0.0065337 0.0065001 0.0069046 0.0068035 0.0066348 0.0066684 0.0067359 0.0067020 0.0067696 0.0066344 0.0063989 0.0068363 0.0072742 0.0072403 0.0067353 0.0066345 0.0066681 0.0067353 0.0067017 0.0068363 0.0068699 0.0073413 0.0069037 
TIP_31|2024-05-06  0.0033423 0.0016354 0.0018361 0.0018360 0.0018026 0.0018026 0.0018361 0.0018361 0.0017692 0.0020701 0.0020032 0.0021036 0.0022039 0.0022373 0.0024714 0.0024379 0.0001992 0.0003335 0.0002668 0.0002668 0.0002668 0.0004669 0.0001660 0.0001328 0.0001992 0.0001992 0.0000996 0.0001328 0.0000996 0.0000000 0.0003668 0.0003335 0.0004002 0.0004335 0.0008006 0.0008340 0.0007672 0.0008006 0.0004669 0.0005336 0.0007339 0.0004335 0.0004336 0.0006337 0.0004335 0.0006338 0.0004669 0.0004669 0.0004669 0.0066353 0.0066691 0.0064334 0.0066355 0.0067365 0.0066355 0.0065004 0.0066015 0.0073084 0.0073085 0.0072409 0.0072073 0.0072745 0.0067024 0.0063657 0.0066352 0.0065678 0.0066351 0.0067361 0.0069047 0.0068373 0.0069717 0.0065330 0.0066339 0.0066341 0.0064322 0.0064322 0.0064660 0.0066346 0.0066010 0.0070054 0.0069043 0.0067356 0.0067692 0.0068368 0.0068029 0.0068705 0.0067352 0.0064997 0.0069372 0.0073750 0.0073412 0.0068362 0.0067354 0.0067689 0.0068362 0.0068025 0.0069372 0.0069708 0.0074431 0.0070045 
TIP_88|2024-06-08  0.0035100 0.0018026 0.0020033 0.0020032 0.0019699 0.0019698 0.0020033 0.0020033 0.0019364 0.0022374 0.0021705 0.0022709 0.0023712 0.0024047 0.0026387 0.0026053 0.0003669 0.0005003 0.0004336 0.0004336 0.0004336 0.0006338 0.0003335 0.0003001 0.0003668 0.0003668 0.0002668 0.0003001 0.0002668 0.0003668 0.0000000 0.0005003 0.0005670 0.0006004 0.0009676 0.0010009 0.0009342 0.0009676 0.0006338 0.0007005 0.0009008 0.0006004 0.0006004 0.0008007 0.0006004 0.0008007 0.0006338 0.0006338 0.0006338 0.0068039 0.0068377 0.0066020 0.0068042 0.0069051 0.0068042 0.0066690 0.0067701 0.0074781 0.0074782 0.0074096 0.0073759 0.0074442 0.0068710 0.0065343 0.0068039 0.0067365 0.0068037 0.0069047 0.0070733 0.0070060 0.0071404 0.0067016 0.0068025 0.0068027 0.0066007 0.0066007 0.0066346 0.0068032 0.0067696 0.0071741 0.0070730 0.0069043 0.0069379 0.0070054 0.0069715 0.0070391 0.0069038 0.0066683 0.0071058 0.0075448 0.0075109 0.0070048 0.0069040 0.0069376 0.0070048 0.0069712 0.0071058 0.0071394 0.0076120 0.0071731 
TIP_33|2024-01-23  0.0032743 0.0015686 0.0017692 0.0017691 0.0017358 0.0017357 0.0017692 0.0017692 0.0017023 0.0020033 0.0019363 0.0020367 0.0021370 0.0021704 0.0024045 0.0023710 0.0001328 0.0002668 0.0001992 0.0001992 0.0001992 0.0005337 0.0002324 0.0001992 0.0002668 0.0002668 0.0002324 0.0002668 0.0002324 0.0003335 0.0005003 0.0000000 0.0001328 0.0001660 0.0005336 0.0005670 0.0005003 0.0005337 0.0001992 0.0002668 0.0004669 0.0001660 0.0001660 0.0003668 0.0001660 0.0003668 0.0001992 0.0001992 0.0001992 0.0065679 0.0066017 0.0063660 0.0065682 0.0066691 0.0065682 0.0064330 0.0065341 0.0072410 0.0072411 0.0071736 0.0071399 0.0072071 0.0066350 0.0062983 0.0065679 0.0065005 0.0065677 0.0066687 0.0068373 0.0067699 0.0069043 0.0064657 0.0065665 0.0065668 0.0063648 0.0063648 0.0063987 0.0065672 0.0065336 0.0069381 0.0068369 0.0066682 0.0067018 0.0067694 0.0067355 0.0068031 0.0066678 0.0064324 0.0068698 0.0073076 0.0072738 0.0067688 0.0066680 0.0067016 0.0067688 0.0067352 0.0068698 0.0069034 0.0073747 0.0069371 
TIP_53|2024-03-17  0.0033422 0.0016354 0.0018360 0.0018359 0.0018026 0.0018025 0.0018360 0.0018360 0.0017691 0.0020701 0.0020031 0.0021035 0.0022038 0.0022373 0.0024713 0.0024378 0.0001992 0.0003335 0.0002668 0.0002668 0.0002668 0.0006004 0.0003001 0.0002668 0.0003335 0.0003335 0.0003001 0.0003335 0.0003001 0.0004002 0.0005670 0.0001328 0.0000000 0.0000332 0.0004002 0.0004336 0.0003668 0.0004002 0.0001328 0.0001992 0.0004002 0.0000996 0.0000996 0.0003001 0.0000996 0.0003001 0.0001328 0.0001328 0.0001328 0.0066350 0.0066688 0.0064331 0.0066353 0.0067362 0.0066353 0.0065001 0.0066012 0.0073081 0.0073082 0.0072407 0.0072070 0.0072742 0.0067021 0.0063654 0.0066350 0.0065676 0.0066348 0.0067358 0.0069044 0.0068370 0.0069715 0.0065328 0.0066336 0.0066339 0.0064319 0.0064319 0.0064658 0.0066343 0.0066007 0.0070052 0.0069040 0.0067353 0.0067689 0.0068365 0.0068026 0.0068702 0.0067349 0.0064995 0.0069369 0.0073747 0.0073409 0.0068359 0.0067351 0.0067687 0.0068359 0.0068023 0.0069369 0.0069705 0.0074428 0.0070042 
TIP_100|2024-05-19 0.0033757 0.0016688 0.0018694 0.0018693 0.0018360 0.0018359 0.0018694 0.0018694 0.0018025 0.0021035 0.0020366 0.0021370 0.0022372 0.0022707 0.0025047 0.0024713 0.0002324 0.0003668 0.0003001 0.0003001 0.0003001 0.0006338 0.0003335 0.0003001 0.0003668 0.0003668 0.0003335 0.0003668 0.0003335 0.0004335 0.0006004 0.0001660 0.0000332 0.0000000 0.0003668 0.0004002 0.0003335 0.0003669 0.0001660 0.0002324 0.0004336 0.0001328 0.0001328 0.0003335 0.0001328 0.0003335 0.0001660 0.0001660 0.0001660 0.0066687 0.0067025 0.0064667 0.0066689 0.0067699 0.0066689 0.0065338 0.0066349 0.0073418 0.0073419 0.0072743 0.0072406 0.0073079 0.0067358 0.0063991 0.0066686 0.0066012 0.0066685 0.0067695 0.0069380 0.0068707 0.0070051 0.0065664 0.0066673 0.0066675 0.0064656 0.0064656 0.0064994 0.0066680 0.0066344 0.0070388 0.0069377 0.0067690 0.0068026 0.0068702 0.0068363 0.0069038 0.0067686 0.0065331 0.0069706 0.0074083 0.0073745 0.0068696 0.0067687 0.0068023 0.0068696 0.0068359 0.0069705 0.0070041 0.0074765 0.0070379 
TIP_52|2024-07-06  0.0037443 0.0020364 0.0022372 0.0022371 0.0022037 0.0022036 0.0022372 0.0022372 0.0021702 0.0024713 0.0024044 0.0025048 0.0026051 0.0026386 0.0028727 0.0028392 0.0006004 0.0007338 0.0006671 0.0006671 0.0006671 0.0010009 0.0007005 0.0006671 0.0007339 0.0007339 0.0007005 0.0007339 0.0007005 0.0008006 0.0009676 0.0005336 0.0004002 0.0003668 0.0000000 0.0003668 0.0003001 0.0003335 0.0005336 0.0006004 0.0008007 0.0005003 0.0005003 0.0007005 0.0005003 0.0007005 0.0005337 0.0005337 0.0005337 0.0070390 0.0070728 0.0068370 0.0070393 0.0071402 0.0070393 0.0069041 0.0070052 0.0077136 0.0077136 0.0076459 0.0076122 0.0076795 0.0071061 0.0067693 0.0070390 0.0069715 0.0070388 0.0071398 0.0073084 0.0072410 0.0073754 0.0069366 0.0070375 0.0070378 0.0068358 0.0068358 0.0068697 0.0070382 0.0070046 0.0074091 0.0073080 0.0071393 0.0071729 0.0072405 0.0072066 0.0072741 0.0071388 0.0069033 0.0073408 0.0077802 0.0077463 0.0072398 0.0071390 0.0071726 0.0072398 0.0072062 0.0073408 0.0073744 0.0078474 0.0074081 
TIP_19|2024-06-22  0.0037778 0.0020698 0.0022706 0.0022705 0.0022371 0.0022371 0.0022706 0.0022706 0.0022037 0.0025048 0.0024378 0.0025382 0.0026385 0.0026720 0.0029061 0.0028727 0.0006337 0.0007672 0.0007005 0.0007004 0.0007004 0.0010343 0.0007339 0.0007005 0.0007673 0.0007673 0.0007339 0.0007672 0.0007339 0.0008340 0.0010009 0.0005670 0.0004336 0.0004002 0.0003668 0.0000000 0.0003335 0.0003668 0.0005670 0.0006337 0.0008340 0.0005336 0.0005336 0.0007339 0.0005336 0.0007339 0.0005670 0.0005670 0.0005670 0.0070726 0.0071064 0.0068707 0.0070729 0.0071738 0.0070729 0.0069377 0.0070388 0.0077472 0.0077473 0.0076796 0.0076459 0.0077132 0.0071397 0.0068029 0.0070726 0.0070052 0.0070724 0.0071734 0.0073420 0.0072746 0.0074090 0.0069703 0.0070711 0.0070714 0.0068694 0.0068694 0.0069033 0.0070719 0.0070383 0.0074437 0.0073416 0.0071729 0.0072065 0.0072741 0.0072402 0.0073077 0.0071725 0.0069370 0.0073744 0.0078139 0.0077800 0.0072734 0.0071726 0.0072062 0.0072734 0.0072398 0.0073744 0.0074080 0.0078811 0.0074427 
TIP_74|2024-07-23  0.0037109 0.0020030 0.0022038 0.0022037 0.0021703 0.0021702 0.0022038 0.0022038 0.0021368 0.0024379 0.0023710 0.0024714 0.0025717 0.0026052 0.0028393 0.0028058 0.0005670 0.0007005 0.0006337 0.0006337 0.0006337 0.0009676 0.0006671 0.0006338 0.0007005 0.0007005 0.0006671 0.0007005 0.0006671 0.0007672 0.0009342 0.0005003 0.0003668 0.0003335 0.0003001 0.0003335 0.0000000 0.0001660 0.0005003 0.0005670 0.0007673 0.0004669 0.0004669 0.0006671 0.0004669 0.0006671 0.0005003 0.0005003 0.0005003 0.0070054 0.0070393 0.0068035 0.0070057 0.0071066 0.0070057 0.0068705 0.0069716 0.0076799 0.0076800 0.0076123 0.0075786 0.0076459 0.0070725 0.0067358 0.0070054 0.0069380 0.0070052 0.0071062 0.0072748 0.0072075 0.0073419 0.0069031 0.0070040 0.0070042 0.0068022 0.0068022 0.0068361 0.0070047 0.0069711 0.0073756 0.0072745 0.0071057 0.0071393 0.0072069 0.0071730 0.0072406 0.0071053 0.0068698 0.0073073 0.0077466 0.0077127 0.0072063 0.0071055 0.0071390 0.0072063 0.0071726 0.0073072 0.0073408 0.0078138 0.0073746 
TIP_22|2024-07-18  0.0037445 0.0020365 0.0022373 0.0022372 0.0022038 0.0022037 0.0022373 0.0022373 0.0021703 0.0024714 0.0024045 0.0025049 0.0026052 0.0026387 0.0028728 0.0028393 0.0006004 0.0007339 0.0006671 0.0006671 0.0006671 0.0010010 0.0007005 0.0006672 0.0007339 0.0007339 0.0007005 0.0007339 0.0007005 0.0008006 0.0009676 0.0005337 0.0004002 0.0003669 0.0003335 0.0003668 0.0001660 0.0000000 0.0005337 0.0006004 0.0008007 0.0005003 0.0005003 0.0007005 0.0005003 0.0007005 0.0005337 0.0005337 0.0005337 0.0070393 0.0070731 0.0068373 0.0070395 0.0071405 0.0070395 0.0069043 0.0070054 0.0077138 0.0077139 0.0076462 0.0076125 0.0076798 0.0071064 0.0067696 0.0070392 0.0069718 0.0070391 0.0071401 0.0073086 0.0072413 0.0073757 0.0069369 0.0070378 0.0070380 0.0068360 0.0068360 0.0068699 0.0070385 0.0070049 0.0074094 0.0073083 0.0071396 0.0071732 0.0072407 0.0072068 0.0072744 0.0071391 0.0069036 0.0073411 0.0077805 0.0077466 0.0072401 0.0071393 0.0071729 0.0072401 0.0072065 0.0073411 0.0073746 0.0078477 0.0074084 
TIP_56|2024-03-13  0.0034092 0.0017022 0.0019029 0.0019028 0.0018694 0.0018693 0.0019029 0.0019029 0.0018360 0.0021369 0.0020700 0.0021704 0.0022707 0.0023041 0.0025382 0.0025047 0.0002668 0.0004002 0.0003335 0.0003335 0.0003335 0.0006671 0.0003668 0.0003335 0.0004002 0.0004002 0.0003668 0.0004002 0.0003668 0.0004669 0.0006338 0.0001992 0.0001328 0.0001660 0.0005336 0.0005670 0.0005003 0.0005337 0.0000000 0.0001992 0.0004002 0.0000996 0.0000996 0.0003001 0.0000996 0.0003001 0.0001328 0.0001328 0.0001328 0.0067023 0.0067362 0.0065004 0.0067026 0.0068035 0.0067026 0.0065675 0.0066685 0.0073755 0.0073756 0.0073080 0.0072743 0.0073415 0.0067695 0.0064327 0.0067023 0.0066349 0.0067022 0.0068032 0.0069717 0.0069044 0.0070388 0.0066001 0.0067009 0.0067012 0.0064992 0.0064992 0.0065331 0.0067016 0.0066680 0.0070725 0.0069714 0.0068027 0.0068363 0.0069039 0.0068700 0.0069375 0.0068023 0.0065668 0.0070043 0.0074430 0.0074082 0.0069033 0.0068024 0.0068360 0.0069033 0.0068696 0.0070042 0.0070378 0.0075102 0.0070716 
